100 100
5 10
8 15
4 8
2 4
3 6
7 14
6 12
9 18
3 7
5 11
10 20
4 9
12 25
11 22
15 30
8 16
6 13
7 15
5 11
9 19
4 9
10 21
11 23
13 27
6 12
8 16
12 24
14 28
7 14
10 22
9 18
11 24
15 32
6 13
8 17
4 8
10 19
5 11
3 7
6 13
7 15
9 19
10 21
12 24
8 16
6 14
3 6
7 15
5 10
11 22
9 18
4 8
6 13
3 7
10 20
14 28
11 23
13 26
8 16
7 14
6 12
9 18
4 8
6 12
8 16
7 14
5 10
10 20
3 7
6 12
8 16
9 19
14 30
5 11
13 26
12 24
4 8
9 17
7 15
10 21
5 10
8 17
4 8
11 23
9 19
6 12
7 15
10 22
6 13
9 18
3 7
5 11
8 16
7 14
11 22
4 8
9 19
5 11
12 25
6 13